101
0 0 0 blue
0.1 -0.019 0 blue
0.2 -0.072 0 blue
0.3 -0.153 0 blue
0.4 -0.256 0 blue
0.5 -0.375 0 blue
0.6 -0.504 0 blue
0.7 -0.637 0 blue
0.8 -0.768 0 blue
0.9 -0.891 0 blue
1 -1 0 blue
1.1 -1.089 0 blue
1.2 -1.152 0 blue
1.3 -1.183 0 blue
1.4 -1.176 0 red
1.5 -1.125 0 red
1.6 -1.024 0 red
1.7 -0.867 0 red
1.8 -0.648 0 red
1.9 -0.361 0 red
2 0 0 red
2.1 0.441 0 red
2.2 0.968 0 red
2.3 1.587 0 red
2.4 2.304 0 red
2.5 3.125 0 red
2.6 4.056 0 red
2.7 5.103 0 red
2.8 6.272 0 red
2.9 7.569 0 red
3 9 0 red
3.1 10.571 0 red
3.2 12.288 0 red
3.3 14.157 0 red
3.4 16.184 0 red
3.5 18.375 0 red
3.6 20.736 0 red
3.7 23.273 0 red
3.8 25.992 0 red
3.9 28.899 0 red
4 32 0 red
4.1 35.301 0 red
4.2 38.808 0 red
4.3 42.527 0 red
4.4 46.464 0 red
4.5 50.625 0 red
4.6 55.016 0 red
4.7 59.643 0 red
4.8 64.512 0 red
4.9 69.629 0 red
5 75 0 red
5.1 80.631 0 red
5.2 86.528 0 red
5.3 92.697 0 red
5.4 99.144 0 red
5.5 105.875 0 red
5.6 112.896 0 red
5.7 120.213 0 red
5.8 127.832 0 red
5.9 135.759 0 red
6 144 0 red
6.1 152.561 0 red
6.2 161.448 0 red
6.3 170.667 0 red
6.4 180.224 0 red
6.5 190.125 0 red
6.6 200.376 0 red
6.7 210.983 0 red
6.8 221.952 0 red
6.9 233.289 0 red
7 245 0 red
7.1 257.091 0 red
7.2 269.568 0 red
7.3 282.437 0 red
7.4 295.704 0 red
7.5 309.375 0 red
7.6 323.456 0 red
7.7 337.953 0 red
7.8 352.872 0 red
7.9 368.219 0 red
8 384 0 red
8.1 400.221 0 red
8.2 416.888 0 red
8.3 434.007 0 red
8.4 451.584 0 red
8.5 469.625 0 red
8.6 488.136 0 red
8.7 507.123 0 red
8.8 526.592 0 red
8.9 546.549 0 red
9 567 0 red
9.1 587.951 0 red
9.2 609.408 0 red
9.3 631.377 0 red
9.4 653.864 0 red
9.5 676.875 0 red
9.6 700.416 0 red
9.7 724.493 0 red
9.8 749.112 0 red
9.9 774.279 0 red
10 800 0 red
