101
1 0 0
0.995004 0.0998334 0.1
0.980067 0.198669 0.2
0.955336 0.29552 0.3
0.921061 0.389418 0.4
0.877583 0.479426 0.5
0.825336 0.564642 0.6
0.764842 0.644218 0.7
0.696707 0.717356 0.8
0.62161 0.783327 0.9
0.540302 0.841471 1
0.453596 0.891207 1.1
0.362358 0.932039 1.2
0.267499 0.963558 1.3
0.169967 0.98545 1.4
0.0707372 0.997495 1.5
-0.0291995 0.999574 1.6
-0.128844 0.991665 1.7
-0.227202 0.973848 1.8
-0.32329 0.9463 1.9
-0.416147 0.909297 2
-0.504846 0.863209 2.1
-0.588501 0.808496 2.2
-0.666276 0.745705 2.3
-0.737394 0.675463 2.4
-0.801144 0.598472 2.5
-0.856889 0.515501 2.6
-0.904072 0.42738 2.7
-0.942222 0.334988 2.8
-0.970958 0.239249 2.9
-0.989992 0.14112 3
-0.999135 0.0415807 3.1
-0.998295 -0.0583741 3.2
-0.98748 -0.157746 3.3
-0.966798 -0.255541 3.4
-0.936457 -0.350783 3.5
-0.896758 -0.44252 3.6
-0.8481 -0.529836 3.7
-0.790968 -0.611858 3.8
-0.725932 -0.687766 3.9
-0.653644 -0.756802 4
-0.574824 -0.818277 4.1
-0.490261 -0.871576 4.2
-0.400799 -0.916166 4.3
-0.307333 -0.951602 4.4
-0.210796 -0.97753 4.5
-0.112153 -0.993691 4.6
-0.0123887 -0.999923 4.7
0.087499 -0.996165 4.8
0.186512 -0.982453 4.9
0.283662 -0.958924 5
0.377978 -0.925815 5.1
0.468517 -0.883455 5.2
0.554374 -0.832267 5.3
0.634693 -0.772764 5.4
0.70867 -0.70554 5.5
0.775566 -0.631267 5.6
0.834713 -0.550686 5.7
0.88552 -0.464602 5.8
0.927478 -0.373877 5.9
0.96017 -0.279415 6
0.983268 -0.182163 6.1
0.996542 -0.0830894 6.2
0.999859 0.0168139 6.3
0.993185 0.116549 6.4
0.976588 0.21512 6.5
0.950233 0.311541 6.6
0.914383 0.40485 6.7
0.869397 0.494113 6.8
0.815725 0.57844 6.9
0.753902 0.656987 7
0.684547 0.728969 7.1
0.608351 0.793668 7.2
0.526078 0.850437 7.3
0.438547 0.898708 7.4
0.346635 0.938 7.5
0.25126 0.96792 7.6
0.153374 0.988168 7.7
0.0539554 0.998543 7.8
-0.0460021 0.998941 7.9
-0.1455 0.989358 8
-0.243544 0.96989 8.1
-0.339155 0.940731 8.2
-0.431377 0.902172 8.3
-0.519289 0.854599 8.4
-0.602012 0.798487 8.5
-0.67872 0.734397 8.6
-0.748647 0.662969 8.7
-0.811093 0.584917 8.8
-0.865435 0.501021 8.9
-0.91113 0.412118 9
-0.947722 0.319098 9.1
-0.974844 0.22289 9.2
-0.992225 0.124454 9.3
-0.999693 0.0247754 9.4
-0.997172 -0.0751511 9.5
-0.984688 -0.174327 9.6
-0.962365 -0.271761 9.7
-0.930426 -0.366479 9.8
-0.889191 -0.457536 9.9
-0.839072 -0.544021 10
